Lactococcus_phage  0.000000  0.450980  0.278688  0.288388  0.271985  0.302621  0.688370  0.714309
KM389305.1         0.450980  0.000000  0.401943  0.600209  0.497186  0.517741  0.414814  0.390227
NC_028697.1        0.278688  0.401943  0.000000  0.396250  0.253705  0.414572  0.525328  0.660030
KC821626.1         0.288388  0.600209  0.396250  0.000000  0.380567  0.333287  0.802778  0.826833
coronavirus        0.271985  0.497186  0.253705  0.380567  0.000000  0.408592  0.653168  0.735203
U18337.1           0.302621  0.517741  0.414572  0.333287  0.408592  0.000000  0.793068  0.782436
adenovirus         0.688370  0.414814  0.525328  0.802778  0.653168  0.793068  0.000000  0.398584
herpesvirus        0.714309  0.390227  0.660030  0.826833  0.735203  0.782436  0.398584  0.000000